0 1.48589e-07
0.2 1.84267e-07
0.4 2.28146e-07
0.6 2.82022e-07
0.8 3.48063e-07
1 4.28883e-07
1.2 5.27624e-07
1.4 6.4806e-07
1.6 7.94715e-07
1.8 9.73e-07
2 1.18938e-06
2.2 1.45154e-06
2.4 1.76867e-06
2.6 2.15164e-06
2.8 2.61334e-06
3 3.16904e-06
3.2 3.83676e-06
3.4 4.63775e-06
3.6 5.59699e-06
3.8 6.74383e-06
4 8.11268e-06
4.2 9.74377e-06
4.4 1.16841e-05
4.6 1.39884e-05
4.8 1.67204e-05
5 1.9954e-05
5.2 2.37749e-05
5.4 2.82821e-05
5.6 3.359e-05
5.8 3.98303e-05
6 4.71545e-05
6.2 5.57361e-05
6.4 6.57743e-05
6.6 7.74962e-05
6.8 9.11611e-05
7 0.000107064
7.2 0.000125541
7.4 0.00014697
7.6 0.000171782
7.8 0.000200463
8 0.000233558
8.2 0.000271681
8.4 0.000315522
8.6 0.000365852
8.8 0.000423532
9 0.000489522
9.2 0.000564889
9.4 0.000650817
9.6 0.000748618
9.8 0.000859739
10 0.000985775
10.2 0.00112848
10.4 0.00128978
10.6 0.00147178
10.8 0.00167678
11 0.00190727
11.2 0.00216598
11.4 0.00245585
11.6 0.00278006
11.8 0.00314204
12 0.00354548
12.2 0.00399432
12.4 0.00449279
12.6 0.00504538
12.8 0.00565688
13 0.00633236
13.2 0.00707716
13.4 0.00789692
13.6 0.00879755
13.8 0.00978522
14 0.0108664
14.2 0.0120477
14.4 0.0133361
14.6 0.0147386
14.8 0.0162627
15 0.0179156
15.2 0.019705
15.4 0.0216385
15.6 0.0237237
15.8 0.0259682
16 0.0283797
16.2 0.0309655
16.4 0.0337329
16.6 0.0366889
16.8 0.0398401
17 0.0431928
17.2 0.0467528
17.4 0.0505252
17.6 0.0545149
17.8 0.0587255
18 0.0631601
18.2 0.0678211
18.4 0.0727096
18.6 0.0778258
18.8 0.0831689
19 0.0887367
19.2 0.0945258
19.4 0.100532
19.6 0.106748
19.8 0.113168
20 0.119782
20.2 0.12658
20.4 0.13355
20.6 0.140678
20.8 0.14795
21 0.155349
21.2 0.162857
21.4 0.170455
21.6 0.178123
21.8 0.185838
22 0.193577
22.2 0.201315
22.4 0.209029
22.6 0.216691
22.8 0.224275
23 0.231753
23.2 0.239098
23.4 0.246281
23.6 0.253274
23.8 0.26005
24 0.26658
24.2 0.272837
24.4 0.278794
24.6 0.284426
24.8 0.289708
25 0.294616
25.2 0.299128
25.4 0.303224
25.6 0.306885
25.8 0.310093
26 0.312834
26.2 0.315095
26.4 0.316864
26.6 0.318134
26.8 0.318899
27 0.319154
27.2 0.318899
27.4 0.318134
27.6 0.316864
27.8 0.315095
28 0.312834
28.2 0.310093
28.4 0.306885
28.6 0.303224
28.8 0.299128
29 0.294616
29.2 0.289708
29.4 0.284426
29.6 0.278794
29.8 0.272837
30 0.26658
30.2 0.26005
30.4 0.253274
30.6 0.246281
30.8 0.239098
31 0.231753
31.2 0.224275
31.4 0.216691
31.6 0.209029
31.8 0.201315
32 0.193577
32.2 0.185838
32.4 0.178123
32.6 0.170455
32.8 0.162857
33 0.155349
33.2 0.14795
33.4 0.140678
33.6 0.13355
33.8 0.12658
34 0.119782
34.2 0.113168
34.4 0.106748
34.6 0.100532
34.8 0.0945258
35 0.0887367
35.2 0.0831689
35.4 0.0778258
35.6 0.0727096
35.8 0.0678211
36 0.0631601
36.2 0.0587255
36.4 0.0545149
36.6 0.0505252
36.8 0.0467528
37 0.0431928
37.2 0.0398401
37.4 0.0366889
37.6 0.0337329
37.8 0.0309655
38 0.0283797
38.2 0.0259682
38.4 0.0237237
38.6 0.0216385
38.8 0.019705
39 0.0179156
39.2 0.0162627
39.4 0.0147386
39.6 0.0133361
39.8 0.0120477
40 0.0108664
40.2 0.00978522
40.4 0.00879755
40.6 0.00789692
40.8 0.00707716
41 0.00633236
41.2 0.00565688
41.4 0.00504538
41.6 0.00449279
41.8 0.00399432
42 0.00354548
42.2 0.00314204
42.4 0.00278006
42.6 0.00245585
42.8 0.00216598
43 0.00190727
43.2 0.00167678
43.4 0.00147178
43.6 0.00128978
43.8 0.00112848
44 0.000985775
44.2 0.000859739
44.4 0.000748618
44.6 0.000650817
44.8 0.000564889
45 0.000489522
45.2 0.000423532
45.4 0.000365852
45.6 0.000315522
45.8 0.000271681
46 0.000233558
46.2 0.000200463
46.4 0.000171782
46.6 0.00014697
46.8 0.000125541
47 0.000107064
47.2 9.11611e-05
47.4 7.74962e-05
47.6 6.57743e-05
47.8 5.57361e-05
48 4.71545e-05
48.2 3.98303e-05
48.4 3.359e-05
48.6 2.82821e-05
48.8 2.37749e-05
49 1.9954e-05
49.2 1.67204e-05
49.4 1.39884e-05
49.6 1.16841e-05
49.8 9.74377e-06
50 8.11268e-06
50.2 6.74383e-06
50.4 5.59699e-06
50.6 4.63775e-06
50.8 3.83676e-06
51 3.16904e-06
51.2 2.61334e-06
51.4 2.15164e-06
51.6 1.76867e-06
51.8 1.45154e-06
52 1.18938e-06
52.2 9.73e-07
52.4 7.94715e-07
52.6 6.4806e-07
52.8 5.27624e-07
53 4.28883e-07
53.2 3.48063e-07
53.4 2.82022e-07
53.6 2.28146e-07
53.8 1.84267e-07
54 1.48589e-07
54.2 1.19628e-07
54.4 9.61571e-08
54.6 7.71679e-08
54.8 6.18297e-08
55 4.9461e-08
55.2 3.95033e-08
55.4 3.14999e-08
55.6 2.50778e-08
55.8 1.99331e-08
56 1.58186e-08
56.2 1.25332e-08
56.4 9.91436e-09
56.6 7.83017e-09
56.8 6.17423e-09
57 4.86071e-09
57.2 3.82051e-09
57.4 2.99811e-09
57.6 2.34899e-09
57.8 1.83746e-09
58 1.43503e-09
58.2 1.11894e-09
58.4 8.71085e-10
58.6 6.77046e-10
58.8 5.25389e-10
59 4.07051e-10
59.2 3.14863e-10
59.4 2.43165e-10
59.6 1.87493e-10
59.8 1.44335e-10
60 1.10934e-10
60.2 8.51266e-11
60.4 6.52182e-11
60.6 4.98859e-11
60.8 3.80971e-11
61 2.90477e-11
61.2 2.21124e-11
61.4 1.68061e-11
61.6 1.27526e-11
61.8 9.6614e-12
62 7.30778e-12
62.2 5.51868e-12
62.4 4.16093e-12
62.6 3.13221e-12
62.8 2.35405e-12
63 1.76639e-12
63.2 1.32331e-12
63.4 9.89791e-13
63.6 7.39145e-13
63.8 5.51088e-13
64 4.1022e-13
64.2 3.04873e-13
64.4 2.26217e-13
64.6 1.67586e-13
64.8 1.23952e-13
65 9.15325e-14
65.2 6.74843e-14
65.4 4.96746e-14
65.6 3.65066e-14
65.8 2.67864e-14
66 1.96228e-14
66.2 1.43521e-14
66.4 1.04803e-14
66.6 7.64074e-15
66.8 5.56165e-15
67 4.04182e-15
67.2 2.93261e-15
67.4 2.12441e-15
67.6 1.53648e-15
67.8 1.10948e-15
68 7.9987e-16
68.2 5.75736e-16
68.4 4.13745e-16
68.6 2.96857e-16
68.8 2.1265e-16
69 1.52087e-16
69.2 1.08598e-16
69.4 7.74203e-17
69.6 5.51055e-17
69.8 3.91598e-17
70 2.77837e-17
70.2 1.96809e-17
70.4 1.39189e-17
70.6 9.82814e-18
70.8 6.92854e-18
71 4.87661e-18
71.2 3.42688e-18
71.4 2.40428e-18
71.6 1.68413e-18
71.8 1.1778e-18
72 8.22382e-19
72.2 5.73298e-19
72.4 3.99017e-19
72.6 2.77274e-19
72.8 1.92367e-19
73 1.33247e-19
73.2 9.21488e-20
73.4 6.36249e-20
73.6 4.38601e-20
73.8 3.01868e-20
74 2.07429e-20
74.2 1.42307e-20
74.4 9.74744e-21
74.6 6.6659e-21
74.8 4.55126e-21
75 3.10249e-21
75.2 2.11151e-21
75.4 1.43477e-21
75.6 9.73366e-22
75.8 6.59288e-22
76 4.4584e-22
76.2 3.01015e-22
76.4 2.0291e-22
76.6 1.36559e-22
76.8 9.17585e-23
77 6.15568e-23
77.2 4.12298e-23
77.4 2.75709e-23
77.6 1.84075e-23
77.8 1.227e-23
78 8.16584e-24
78.2 5.42577e-24
78.4 3.59937e-24
78.6 2.38395e-24
78.8 1.57643e-24
79 1.04077e-24
79.2 6.86026e-25
79.4 4.51473e-25
79.6 2.96639e-25
79.8 1.94594e-25
80 1.27449e-25
80.2 8.33389e-26
80.4 5.44082e-26
80.6 3.54639e-26
80.8 2.30788e-26
81 1.4995e-26
81.2 9.7271e-27
81.4 6.29978e-27
81.6 4.07355e-27
81.8 2.62982e-27
82 1.69506e-27
82.2 1.0908e-27
82.4 7.00834e-28
82.6 4.49561e-28
82.8 2.87917e-28
83 1.84098e-28
83.2 1.17527e-28
83.4 7.49087e-29
83.6 4.76685e-29
83.8 3.02856e-29
84 1.92108e-29
84.2 1.21663e-29
84.4 7.69269e-30
84.6 4.85627e-30
84.8 3.06078e-30
85 1.92605e-30
85.2 1.21006e-30
85.4 7.59018e-31
85.6 4.75338e-31
85.8 2.97206e-31
86 1.85532e-31
86.2 1.15634e-31
86.4 7.19539e-32
86.6 4.47023e-32
86.8 2.77275e-32
87 1.71711e-32
87.2 1.06167e-32
87.4 6.55368e-33
87.6 4.03912e-33
87.8 2.48538e-33
88 1.52688e-33
88.2 9.3653e-34
88.4 5.73513e-34
88.6 3.50647e-34
88.8 2.14044e-34
89 1.30449e-34
89.2 7.93748e-35
89.4 4.82204e-35
89.6 2.92471e-35
89.8 1.77109e-35
90 1.07079e-35
90.2 6.46357e-36
90.4 3.89534e-36
90.6 2.34382e-36
90.8 1.40802e-36
91 8.44493e-37
91.2 5.05696e-37
91.4 3.02335e-37
91.6 1.80465e-37
91.8 1.07548e-37
92 6.39906e-38
92.2 3.80133e-38
92.4 2.25455e-38
92.6 1.33503e-38
92.8 7.89269e-39
93 4.6587e-39
93.2 2.74543e-39
93.4 1.61533e-39
93.6 9.48889e-40
93.8 5.56514e-40
94 3.25868e-40
94.2 1.90508e-40
94.4 1.11196e-40
94.6 6.47991e-41
94.8 3.77012e-41
95 2.19001e-41
95.2 1.27011e-41
95.4 7.35435e-42
95.6 4.25158e-42
95.8 2.45393e-42
96 1.4141e-42
96.2 8.13582e-43
96.4 4.67335e-43
96.6 2.68016e-43
96.8 1.53461e-43
97 8.77285e-44
97.2 5.00713e-44
97.4 2.85326e-44
97.6 1.6233e-44
97.8 9.22066e-45
98 5.22914e-45
98.2 2.96076e-45
98.4 1.67372e-45
98.6 9.44639e-46
98.8 5.32297e-46
99 2.99466e-46
99.2 1.68208e-46
99.4 9.43303e-47
99.6 5.28154e-47
99.8 2.9524e-47
