1.06313
2.36589
0.968966
1.68709
2.15729
2.40688
3.12571
2.10485
2.15612
2.03535
1.18426
1.74549
1.22428
1.93705
2.22786
1.49098
0.0999835
0.416737
-0.035342
0.0768242
0.958558
0.144263
0.0102732
-0.477116
0.0751088
0.97202
0.201191
1.55558
1.61241
1.8515
2.01337
1.06814
0.643015
1.15801
2.07281
2.96891
1.89756
1.60209
2.7577
3.24984
2.43542
2.45578
1.99578
1.25905
1.7404
1.14485
0.409863
1.52771
-0.0238609
1.41149
1.4257
1.37117
1.32999
0.906925
0.26201
0.088363
0.0654311
0.944638
1.23225
-0.0743954
0.908052
0.852
1.78771
1.34021
1.09988
1.70479
2.86687
2.58252
1.55292
1.5955
2.66173
3.1254
1.32152
2.25642
2.62845
1.29922
2.39784
1.84631
1.97784
1.6814
1.44581
0.97391
0.651599
0.75404
-0.229993
0.892904
0.933407
0.389778
-0.0882164
0.785959
1.20426
1.0223
1.77096
1.2463
1.87322
2.63688
2.10441
2.69336
2.27515
2.31277
2.31665
2.91586
2.32089
2.13067
1.45556
2.00604
2.15364
2.17162
0.95558
0.457913
0.150192
0.140787
0.726822
-0.0853527
-0.324563
-0.0453428
0.0181458
-0.0418698
1.09429
-0.337096
1.02415
0.63892
0.771157
1.34467
1.64331
1.72447
2.02183
0.862734
1.53157
2.13983
3.13973
3.13763
2.15205
2.1973
2.79274
2.61405
1.26004
2.52547
2.10064
1.40123
2.12786
0.46199
0.176094
1.74703
0.839233
0.268699
1.10022
-0.390074
0.917506
-0.613888
0.834108
-0.104705
0.0883087
0.269898
0.479925
1.56488
1.88066
2.1313
0.854897
2.64624
1.92479
2.80284
1.9515
2.9792
1.42073
3.09282
1.44699
1.72898
2.396
1.83682
2.06748
0.882471
0.336803
1.70824
1.47929
0.200441
-0.363596
0.709855
-0.61893
-0.473905
0.29147
0.206406
1.41587
0.986221
0.970178
1.52108
0.939487
1.05847
1.52997
2.25318
2.50476
1.25495
1.311
1.54813
2.36388
2.64023
1.7051
2.79321
2.77889
1.13819
2.56112
2.47259
1.45126
1.51017
1.73603
0.990883
1.37208
1.3606
0.656534
1.22063
-0.138985
0.633319
-0.655282
0.620342
0.107321
-0.371844
0.873424
0.629544
1.35282
2.19409
2.49131
1.40128
2.78055
3.01689
1.24787
2.32915
1.42164
1.54386
1.42125
2.03462
3.10103
2.00522
1.47618
1.58938
0.576926
0.877273
0.939968
0.108282
1.6846
1.1314
0.564675
0.121712
-0.0645892
0.136892
0.440861
0.883394
1.07041
0.818936
1.14283
1.49164
1.72846
2.20242
2.23573
2.49645
2.43217
1.83235
1.92163
2.00572
2.00424
3.13755
1.28666
1.83403
1.69502
2.48146
2.47289
1.58342
1.53752
0.415738
0.63293
1.2416
0.450488
0.704605
-0.293677
-0.250216
0.608945
0.715119
0.339133
1.30297
0.0522113
0.0740499
1.23404
0.780105
1.717
1.6968
1.21872
2.06126
1.60727
1.73443
2.60261
2.70252
3.17184
3.16673
1.78895
3.08662
2.00348
1.86278
0.857062
1.88074
0.608998
1.00497
1.4946
-0.0219562
1.5202
1.21056
0.756282
-0.474825
-0.315255
0.832846
-0.329961
-0.38834
1.55187
0.501693
1.345
1.5537
0.731555
2.20165
1.10579
1.65077
2.71764
2.0853
2.38816
2.18716
2.41873
2.25717
2.10625
2.51502
1.15862
2.20898
0.840832
0.565224
1.06206
1.45532
0.675826
1.39968
0.469928
0.42183
0.193725
0.10675
0.855272
0.00970906
0.849109
1.54813
0.0227822
0.57815
1.56938
1.97108
1.98229
2.21437
2.76236
2.67309
2.73836
2.32656
2.85894
2.11379
2.59872
1.42798
2.29644
1.23107
2.5244
0.976156
1.48653
1.10261
1.26734
0.187353
0.9661
1.17924
0.34456
-0.365386
-0.533936
1.28067
0.279029
1.41524
1.34465
0.574156
1.49907
2.12114
1.33646
0.729853
2.12671
1.81605
1.16988
3.0792
1.98464
2.17273
3.20489
2.25745
1.80872
2.93119
2.19307
1.32489
2.37612
1.44031
1.61879
1.88668
0.381899
1.24002
1.37395
-0.141873
0.940572
-0.0881651
0.492934
0.0748437
0.0230029
1.04275
-0.211041
0.594236
2.00258
0.262803
1.35433
0.645043
0.871772
1.55955
2.62648
2.87019
2.42615
2.4991
1.70352
1.42565
2.52258
2.29855
1.91894
2.16628
1.82033
1.55447
1.56954
0.254614
1.21094
0.0995169
0.951169
-0.526906
-0.605334
1.06164
0.47107
-0.249481
0.774014
0.740398
0.341947
0.742714
0.304303
1.76865
1.20648
2.5848
2.27274
1.79262
2.66853
1.86816
1.50728
1.98296
1.58142
3.05643
2.52678
2.60449
1.44439
2.21941
1.70669
1.22141
0.911349
0.636125
-0.204086
0.243103
0.296724
-0.147151
1.3187
1.18917
1.12083
0.523074
1.2295
1.59956
0.741033
1.85844
0.400527
2.00017
2.65406
2.67873
1.17287
3.03929
3.20503
1.53498
1.60894
1.55805
3.21735
1.28416
1.69835
2.08854
0.900132
2.02816
1.4951
0.945696
0.553724
-0.0821441
0.926421
0.101207
1.31324
0.888595
-0.507775
-0.0509415
-0.15007
1.48055
0.962401
