0 0.01271574272868218
0.2 0.01280514808209728
0.4 0.01289557093050285
0.6000000000000001 0.012987027566623
0.8 0.01307953462009301
1 0.01317310906596005
1.2 0.01326776823343559
1.4 0.01336352981490813
1.6 0.01346041187522486
1.8 0.01355843286125174
2 0.01365761161172125
2.2 0.01375796736737776
2.4 0.01385951978143091
2.6 0.01396228893032746
2.8 0.01406629532485286
3 0.01417155992157382
3.200000000000001 0.01427810413463412
3.400000000000001 0.01438594984791576
3.600000000000001 0.01449511942757861
3.800000000000001 0.01460563573499179
4.000000000000001 0.01471752214007076
4.200000000000001 0.01483080253503474
4.400000000000001 0.01494550134859925
4.600000000000001 0.01506164356061979
4.800000000000002 0.01517925471720259
5.000000000000002 0.01529836094629974
5.200000000000002 0.01541898897380602
5.400000000000002 0.015541166140176
5.600000000000002 0.01566492041758047
5.800000000000002 0.01579028042762205
6.000000000000003 0.01591727545963074
6.200000000000003 0.01604593548956106
6.400000000000003 0.01617629119951327
6.600000000000003 0.01630837399790234
6.800000000000003 0.01644221604029942
7.000000000000004 0.01657785025097186
7.200000000000004 0.01671531034514964
7.400000000000004 0.01685463085204804
7.600000000000004 0.01699584713867943
7.800000000000004 0.0171389954344912
8.000000000000004 0.01728411285687327
8.200000000000003 0.01743123743758829
8.400000000000002 0.01758040815019322
8.600000000000001 0.01773166493854528
8.800000000000001 0.01788504874652383
9 0.01804060154916132
9.199999999999999 0.01819836638547235
9.399999999999999 0.0183583873934207
9.599999999999998 0.01852070984769694
9.799999999999997 0.01868538020133664
9.999999999999996 0.01885244613275147
10.2 0.01902195660056044
10.4 0.01919396190981864
10.59999999999999 0.01936851379501885
10.79999999999999 0.01954566552782173
10.99999999999999 0.01972547206117136
11.19999999999999 0.01990799022669483
11.39999999999999 0.02009327900961373
11.59999999999999 0.02028139993550793
11.79999999999999 0.02047241761703149
11.99999999999999 0.02066640052713233
12.19999999999999 0.02086342208969783
12.39999999999999 0.0210635622102202
12.59999999999999 0.02126690940953014
12.79999999999999 0.02147356377436947
12.99999999999999 0.0216836410008831
13.19999999999999 0.02189727788193782
13.39999999999998 0.0221146396767406
13.59999999999998 0.02233592990064057
13.79999999999998 0.02256140318176103
13.99999999999998 0.02279138194455759
14.19999999999998 0.02302627779110933
14.39999999999998 0.02326661854814538
14.59999999999998 0.02351308201688414
14.79999999999998 0.0237665374850031
14.99999999999998 0.02402809601269686
15.19999999999998 0.02429917036154037
15.39999999999998 0.02458154516712294
15.59999999999998 0.02487745753510606
15.79999999999998 0.02518968763878793
15.99999999999998 0.02552165809373538
16.19999999999997 0.02587753987129932
16.39999999999997 0.0262623612930065
16.59999999999997 0.02668211524763768
16.79999999999997 0.02714385824336476
16.99999999999997 0.02765579332887066
17.19999999999997 0.0282273274011949
17.39999999999997 0.02886909210564853
17.59999999999997 0.0295929165919773
17.79999999999997 0.03041174000602949
17.99999999999997 0.03133945195729203
18.19999999999997 0.03239065048737583
18.39999999999997 0.03358030941775861
18.59999999999997 0.0349233504664568
18.79999999999997 0.03643412020442886
18.99999999999996 0.03812577768672099
19.19999999999996 0.04000960524058754
19.39999999999996 0.04209426210274456
19.59999999999996 0.04438500793394756
19.79999999999996 0.04688293016501342
19.99999999999996 0.04958421503861913
20.19999999999996 0.0524795064738003
20.39999999999996 0.05555339889056313
20.59999999999996 0.05878410937376356
20.79999999999996 0.06214337066121118
20.99999999999996 0.06559657924953329
21.19999999999996 0.06910322251162376
21.39999999999996 0.0726175954764071
21.59999999999996 0.07608980247793948
21.79999999999995 0.07946702213200652
21.99999999999995 0.08269499713978562
22.19999999999995 0.08571969446746583
22.39999999999995 0.08848906775079768
22.59999999999995 0.09095484348441944
22.79999999999995 0.09307424664621584
22.99999999999995 0.09481158055649631
23.19999999999995 0.09613958029456569
23.39999999999995 0.09704046879431795
23.59999999999995 0.09750665929892942
23.79999999999995 0.09754106626630801
23.99999999999995 0.09715700785410344
24.19999999999995 0.09637770532655342
24.39999999999995 0.09523540656600966
24.59999999999994 0.09377018082216955
24.79999999999994 0.0920284485346097
24.99999999999994 0.09006132243474541
25.19999999999994 0.087922843445669
25.39999999999994 0.08566819683518534
25.59999999999994 0.08335199074203357
25.79999999999994 0.08102667108459677
25.99999999999994 0.07874113480443203
26.19999999999994 0.07653958846714451
26.39999999999994 0.07446068265391317
26.59999999999994 0.07253693557215674
26.79999999999994 0.07079444306363043
26.99999999999994 0.06925285770063136
27.19999999999994 0.06792560771536739
27.39999999999993 0.06682031761510357
27.59999999999993 0.06593938672743112
27.79999999999993 0.06528067956056981
27.99999999999993 0.06483828248672026
28.19999999999993 0.06460328441587211
28.39999999999993 0.06456454425668881
28.59999999999993 0.06470941443527746
28.79999999999993 0.06502439693635716
28.99999999999993 0.06549571566753898
29.19999999999993 0.06610979593464834
29.39999999999993 0.06685364807204153
29.59999999999993 0.06771515753415404
29.79999999999993 0.06868328787867607
29.99999999999993 0.06974820602041146
30.19999999999992 0.07090134095972146
30.39999999999992 0.07213538800942851
30.59999999999992 0.07344427052239366
30.79999999999992 0.07482307044444317
30.99999999999992 0.07626793787323694
31.19999999999992 0.07777598837093164
31.39999999999992 0.07934519521287153
31.59999999999992 0.08097428218333914
31.79999999999992 0.08266262104890504
31.99999999999992 0.08441013651600128
32.19999999999992 0.08621722035035734
32.39999999999992 0.08808465541705462
32.59999999999992 0.09001354968824161
32.79999999999993 0.09200527974509401
32.99999999999993 0.09406144294727325
33.19999999999993 0.09618381722865804
33.39999999999993 0.09837432737331256
33.59999999999994 0.1006350166027881
33.79999999999994 0.1029680223402167
33.99999999999994 0.105375555087397
34.19999999999995 0.1078598794415126
34.39999999999995 0.110423296375611
34.59999999999995 0.1130681260025579
34.79999999999995 0.1157966901300249
34.99999999999996 0.1186112939909188
35.19999999999996 0.121514206598236
35.39999999999996 0.1245076392258443
35.59999999999997 0.1275937215584185
35.79999999999997 0.1307744750866874
35.99999999999997 0.1340517833507403
36.19999999999997 0.1374273586571936
36.39999999999998 0.1409027049185087
36.59999999999998 0.1444790762878558
36.79999999999998 0.1481574312939326
36.99999999999999 0.1519383822205383
37.19999999999999 0.1558221395290893
37.39999999999999 0.1598084511924167
37.59999999999999 0.1638965368990186
37.8 0.1680850172024062
38 0.1723718378342221
38.2 0.176754189576099
38.40000000000001 0.1812284242969826
38.60000000000001 0.185789968012265
38.80000000000001 0.1904332321096833
39.00000000000001 0.1951515242138831
39.20000000000002 0.1999369605237614
39.40000000000002 0.2047803818480051
39.60000000000002 0.209671275974641
39.80000000000003 0.2145977094253806
40.00000000000003 0.2195462720454465
40.20000000000003 0.224502038239304
40.40000000000003 0.2294485489517207
40.60000000000004 0.2343678186762801
40.80000000000004 0.2392403718105701
41.00000000000004 0.2440453125276104
41.20000000000005 0.2487604319566592
41.40000000000005 0.2533623558282
41.60000000000005 0.2578267348120533
41.80000000000005 0.2621284785531615
42.00000000000006 0.2662420328954798
42.20000000000006 0.2701416980137785
42.40000000000006 0.2738019832069141
42.60000000000007 0.2771979920338346
42.80000000000007 0.2803058294116222
43.00000000000007 0.2831030203809226
43.20000000000007 0.2855689286279937
43.40000000000008 0.2876851616838205
43.60000000000008 0.2894359491336017
43.80000000000008 0.2908084802679273
44.00000000000009 0.2917931884485093
44.20000000000009 0.2923839710485862
44.40000000000009 0.2925783361015835
44.60000000000009 0.2923774696310575
44.8000000000001 0.2917862208679043
45.0000000000001 0.2908130059772729
45.2000000000001 0.289469634289901
45.40000000000011 0.287771064137289
45.60000000000011 0.285735098029733
45.80000000000011 0.2833820289371153
46.00000000000011 0.2807342507373161
46.20000000000012 0.2778158464508801
46.40000000000012 0.2746521677082044
46.60000000000012 0.271269418074483
46.80000000000013 0.2676942515053179
47.00000000000013 0.2639533954643726
47.20000000000013 0.2600733062550583
47.40000000000013 0.2560798620474539
47.60000000000014 0.2519980970497803
47.80000000000014 0.2478519783871843
48.00000000000014 0.2436642255877893
48.20000000000014 0.2394561711867304
48.40000000000015 0.2352476598663648
48.60000000000015 0.2310569827553862
48.80000000000015 0.2269008429936721
49.00000000000016 0.2227943484032026
49.20000000000016 0.2187510270504886
49.40000000000016 0.2147828616014431
49.60000000000016 0.2109003386144532
49.80000000000017 0.2071125092531267
50.00000000000017 0.2034270582926789
50.20000000000017 0.1998503787143127
50.40000000000018 0.1963876496068531
50.60000000000018 0.1930429155063487
50.80000000000018 0.1898191656892688
51.00000000000018 0.1867184122845452
51.20000000000019 0.1837417663788204
51.40000000000019 0.1808895115555741
51.60000000000019 0.1781611745321849
51.8000000000002 0.1755555927409776
52.0000000000002 0.1730709788435452
52.2000000000002 0.1707049822755069
52.4000000000002 0.1684547479951281
52.60000000000021 0.1663169726578528
52.80000000000021 0.1642879584637051
53.00000000000021 0.1623636649295304
53.20000000000022 0.1605397588267738
53.40000000000022 0.1588116625012967
53.60000000000022 0.1571746007577009
53.80000000000022 0.1556236464495747
54.00000000000023 0.154153764871532
54.20000000000023 0.1527598570011398
54.40000000000023 0.1514368015908396
54.60000000000024 0.1501794960635074
54.80000000000024 0.1489828961218923
55.00000000000024 0.1478420539431123
55.20000000000024 0.1467521547957319
55.40000000000025 0.1457085518895556
55.60000000000025 0.1447067992477767
55.80000000000025 0.1437426823779621
56.00000000000026 0.1428122465127647
56.20000000000026 0.1419118221932681
56.40000000000026 0.1410380479773527
56.60000000000026 0.1401878900720939
56.80000000000027 0.13935865871249
57.00000000000027 0.1385480211381326
57.20000000000027 0.1377540110540223
57.40000000000028 0.1369750345007173
57.60000000000028 0.136209872101431
57.80000000000028 0.1354576776985353
58.00000000000028 0.1347179734381158
58.20000000000029 0.1339906414076807
58.40000000000029 0.1332759119777773
58.60000000000029 0.1325743490420816
58.8000000000003 0.1318868323915233
59.0000000000003 0.1312145374952928
59.2000000000003 0.1305589129943607
59.4000000000003 0.1299216562407414
59.60000000000031 0.1293046872376142
59.80000000000031 0.1287101213511754
60.00000000000031 0.1281402411744771
60.20000000000032 0.1275974679264158
60.40000000000032 0.1270843327655121
60.60000000000032 0.1266034483883613
60.80000000000032 0.1261574812669626
61.00000000000033 0.1257491248579996
61.20000000000033 0.1253810740911017
61.40000000000033 0.125056001412815
61.60000000000034 0.1247765346291746
61.80000000000034 0.1245452367531583
62.00000000000034 0.1243645880247312
62.20000000000034 0.1242369702314634
62.40000000000035 0.1241646534176289
62.60000000000035 0.1241497850300458
62.80000000000035 0.1241943815104262
63.00000000000036 0.124300322307341
63.20000000000036 0.1244693462466643
63.40000000000036 0.1247030501680554
63.60000000000036 0.1250028897070911
63.80000000000037 0.1253701820783932
64.00000000000037 0.1258061106947428
64.20000000000037 0.1263117314408549
64.40000000000038 0.1268879804082445
64.60000000000038 0.1275356828893919
64.80000000000038 0.1282555634250721
65.00000000000038 0.1290482566980441
65.20000000000039 0.1299143190690236
65.40000000000039 0.1308542405566596
65.60000000000039 0.1318684570717362
65.8000000000004 0.1329573627266291
66.0000000000004 0.1341213220537366
66.2000000000004 0.1353606819807661
66.4000000000004 0.1366757834259616
66.60000000000041 0.1380669723921906
66.80000000000041 0.139534610454898
67.00000000000041 0.1410790845548989
67.20000000000041 0.142700816022505
67.40000000000042 0.1444002687742686
67.60000000000042 0.1461779566374189
67.80000000000042 0.1480344497696655
68.00000000000043 0.1499703801532665
68.20000000000043 0.1519864461519938
68.40000000000043 0.1540834161277685
68.60000000000043 0.1562621311202569
68.80000000000044 0.1585235065975818
69.00000000000044 0.1608685332895363
69.20000000000044 0.1632982771163344
69.40000000000045 0.165813878226061
69.60000000000045 0.1684165491526799
69.80000000000045 0.1711075721038303
70.00000000000045 0.1738882953838063
70.20000000000046 0.1767601289521986
70.40000000000046 0.179724539112817
70.60000000000046 0.1827830423208541
70.80000000000047 0.18593719808893
71.00000000000047 0.189188600964836
71.20000000000047 0.1925388715456147
71.40000000000047 0.1959896464842407
71.60000000000048 0.1995425674367524
71.80000000000048 0.2031992688894099
72.00000000000048 0.2069613647974919
72.20000000000049 0.2108304339598821
72.40000000000049 0.214808004046852
72.60000000000049 0.21889553419264
72.80000000000049 0.2230943960598124
73.0000000000005 0.2274058532792513
73.2000000000005 0.2318310391682588
73.4000000000005 0.2363709326300493
73.60000000000051 0.2410263321412022
73.80000000000051 0.2457978277399174
74.00000000000051 0.2506857709376042
74.20000000000051 0.2556902424899861
74.40000000000052 0.2608110179820577
74.60000000000052 0.2660475312044935
74.80000000000052 0.271398835328085
75.00000000000053 0.2768635619181161
75.20000000000053 0.2824398778728853
75.40000000000053 0.2881254404204349
75.60000000000053 0.2939173503654824
75.80000000000054 0.2998121038449565
76.00000000000054 0.3058055429257086
76.20000000000054 0.3118928054619147
76.40000000000055 0.3180682747221935
76.60000000000055 0.3243255293969448
76.80000000000055 0.330657294703862
77.00000000000055 0.3370553954224524
77.20000000000056 0.3435107118046163
77.40000000000056 0.3500131394250916
77.60000000000056 0.3565515541493628
77.80000000000057 0.3631137835031865
78.00000000000057 0.3696865858221215
78.20000000000057 0.3762556386355826
78.40000000000057 0.3828055377914586
78.60000000000058 0.3893198088472789
78.80000000000058 0.3957809322349664
79.00000000000058 0.4021703836411025
79.20000000000059 0.4084686909264609
79.40000000000059 0.4146555087313002
79.60000000000059 0.4207097116718995
79.80000000000059 0.426609506726394
80.0000000000006 0.4323325650339966
80.2000000000006 0.4378561728941893
80.4000000000006 0.4431574012580114
80.60000000000061 0.4482132924627442
80.80000000000061 0.4530010623886834
81.00000000000061 0.4574983156309402
81.20000000000061 0.4616832707024353
81.40000000000062 0.4655349917414209
81.60000000000062 0.4690336227146084
81.80000000000062 0.4721606197123051
82.00000000000063 0.4748989766505254
82.20000000000063 0.477233439549488
82.40000000000063 0.4791507045660426
82.60000000000063 0.4806395951307798
82.80000000000064 0.4816912138825368
83.00000000000064 0.4822990655987816
83.20000000000064 0.4824591479761827
83.40000000000065 0.4821700078992267
83.60000000000065 0.4814327617162605
83.80000000000065 0.4802510789860744
84.00000000000065 0.4786311301246234
84.20000000000066 0.4765814993297576
84.40000000000066 0.4741130650521233
84.60000000000066 0.4712388510764553
84.80000000000067 0.4679738519487652
85.00000000000067 0.464334837008246
85.20000000000067 0.4603401376433003
85.40000000000067 0.4560094225830548
85.60000000000068 0.4513634660617885
85.80000000000068 0.4464239135644594
86.00000000000068 0.4412130495941399
86.20000000000068 0.4357535715188438
86.40000000000069 0.4300683730813704
86.60000000000069 0.4241803406183275
86.80000000000069 0.4181121644601841
87.0000000000007 0.4118861673982484
87.2000000000007 0.4055241515293529
87.4000000000007 0.3990472642437971
87.6000000000007 0.3924758836218148
87.80000000000071 0.3858295230595076
88.00000000000071 0.3791267545638378
88.20000000000071 0.3723851498412896
88.40000000000072 0.3656212380563719
88.60000000000072 0.3588504789518444
88.80000000000072 0.3520872498979269
89.00000000000072 0.3453448453668964
89.20000000000073 0.3386354873055752
89.40000000000073 0.3319703448939845
89.60000000000073 0.3253595622265945
89.80000000000074 0.318812292526092
90.00000000000074 0.3123367375918724
90.20000000000074 0.3059401912906529
90.40000000000074 0.2996290860095555
90.60000000000075 0.2934090411083564
90.80000000000075 0.2872849125237568
91.00000000000075 0.2812608427916309
91.20000000000076 0.2753403108610981
91.40000000000076 0.2695261811753435
91.60000000000076 0.2638207515873391
91.80000000000076 0.2582257997633697
92.00000000000077 0.2527426278032993
92.20000000000077 0.2473721048738393
92.40000000000077 0.2421147077099747
92.60000000000078 0.2369705588905564
92.80000000000078 0.231939462837429
93.00000000000078 0.2270209395239132
93.20000000000078 0.2222142559086496
93.40000000000079 0.2175184551353756
93.60000000000079 0.2129323835587928
93.80000000000079 0.2084547156719047
94.0000000000008 0.2040839770216321
94.2000000000008 0.1998185652077046
94.4000000000008 0.1956567690652492
94.6000000000008 0.1915967861346141
94.80000000000081 0.1876367385231684
95.00000000000081 0.1837746872634513
95.20000000000081 0.1800086452704294
95.40000000000082 0.1763365889980089
95.60000000000082 0.1727564688915807
95.80000000000082 0.1692662187294458
96.00000000000082 0.1658637639416305
96.20000000000083 0.1625470289900079
96.40000000000083 0.1593139438888956
96.60000000000083 0.1561624499405012
96.80000000000084 0.1530905047548023
97.00000000000084 0.1500960866187477
97.20000000000084 0.1471771982750854
97.40000000000084 0.1443318701667027
97.60000000000085 0.1415581631981306
97.80000000000085 0.138854171061828
98.00000000000085 0.1362180221730412
98.20000000000086 0.1336478812534367
98.40000000000086 0.1311419506003184
98.60000000000086 0.1286984710750853
98.80000000000086 0.126315722841634
99.00000000000087 0.123992025882676
99.20000000000087 0.1217257403194
99.40000000000087 0.1195152665575648
99.60000000000088 0.1173590452809462
99.80000000000088 0.1152555573110689
100.0000000000009 0.1132033233503259
