80.3597782 0.006538744
81.20974223 0.007944268
82.04773494 0.003911024
82.4667313 0.003452701
82.88572765 0.002536055
83.36458063 0.007730384
84.20257334 0.003422146
84.62156968 0.004216573
85.04056604 0.002230506
85.92644405 0.001619408
86.41726835 0.000641652
86.8362647 0.007608164
87.30314635 0.005560988
87.7221427 0.008219262
88.20099569 0.012038621
88.63196336 0.012191396
89.09884502 0.001497189
89.52981269 0.002780494
90.00866566 0.002199951
90.48751865 0.010571987
90.96637162 0.006997067
91.38536798 0.01371914
91.85224962 0.002749939
92.34307392 0.013505255
92.8219269 0.00494989
93.30077988 0.011946957
93.77963285 0.015246883
94.25848583 0.002108286
94.73733881 0.015094109
95.21619178 0.010296993
95.74293005 0.00482767
96.22178303 0.014146908
96.71260733 0.012771938
97.25131693 0.007424835
97.71819858 0.014238572
98.19705156 0.016805182
98.73576115 0.021388414
99.22658545 0.009624786
99.70543843 0.012221951
100.244148 0.027774383
100.7828576 0.030554877
101.2617106 0.034221462
101.7405636 0.030127108
102.3271585 0.038071376
102.8060114 0.067495722
103.3566924 0.047757272
103.8834306 0.049957223
104.4221403 0.048643363
104.9728211 0.068565143
105.4995594 0.063462479
106.038269 0.08903691
106.517122 0.088486923
107.1156883 0.094964556
107.6543978 0.077823271
108.1452221 0.079442679
108.7916736 0.072659496
109.3303833 0.081825959
109.8690929 0.092306282
110.4796304 0.095331215
111.0662253 0.067556832
111.6049349 0.087570276
112.1436445 0.071162308
112.7422107 0.077853825
113.2809203 0.105903202
113.8794865 0.062393058
114.4780527 0.077731606
115.076619 0.068626253
115.6153286 0.079717673
116.2138948 0.054357125
116.812461 0.069390125
117.4110272 0.059245906
118.0095935 0.079381569
118.6081597 0.043021266
119.2067258 0.053440479
119.8651487 0.048735028
120.4637149 0.035474212
121.0622812 0.034343681
121.720704 0.037124175
122.3192702 0.041279638
122.9776931 0.044732339
123.5762593 0.030188218
124.2346822 0.043968467
124.8332483 0.052707162
125.4318145 0.044701784
126.0902374 0.047971156
126.7486603 0.042318504
127.4070831 0.038163041
128.0655059 0.045068443
128.7239288 0.035718651
129.322495 0.035107553
129.9809179 0.032632608
130.6991973 0.022702273
131.3576201 0.022396725
132.016043 0.025818871
132.6744659 0.051546077
133.3927453 0.053654363
134.0511681 0.041554632
134.709591 0.030615986
135.4278705 0.070398436
136.0862933 0.060162552
136.8045727 0.048979467
137.4629956 0.048062821
138.1812751 0.060315326
138.8995546 0.071620631
139.6058627 0.037276949
140.3361134 0.048276705
140.9945363 0.067465167
141.7726724 0.044121242
142.4909518 0.047360059
143.2092313 0.055151552
143.9275108 0.075806649
144.6457903 0.075867758
145.4239263 0.072598387
146.1422058 0.061231973
146.9203419 0.052890491
147.6386214 0.073301149
148.4167574 0.067831826
149.1350369 0.073606698
149.913173 0.068595698
150.6314524 0.071834515
151.4455025 0.065051332
152.1877246 0.08414813
152.9658607 0.088761916
153.7439967 0.105230995
154.4503049 0.095606209
155.3601256 0.130438768
156.0784051 0.11623075
156.9163977 0.122463945
157.6945338 0.167226839
158.4726699 0.192067954
159.3106626 0.161604742
160.1486553 0.190417991
160.9267914 0.196590076
161.7049275 0.192923491
162.6027768 0.189104131
163.3809129 0.158182596
164.2189056 0.173429479
165.0568983 0.138321926
165.894891 0.143302371
166.7328838 0.146938401
167.5708765 0.139299682
168.4088691 0.129033244
169.3067185 0.116077976
170.1447112 0.097317282
170.9827039 0.070062332
171.8805532 0.064012466
172.7784026 0.053929357
173.6762519 0.064868003
174.5142446 0.070826204
175.4001226 0.062576387
176.3099433 0.07794549
177.2077926 0.088761916
178.1056419 0.097317282
179.0034913 0.098233928
179.9013406 0.118369592
180.7991899 0.109417013
181.7568959 0.069634564
182.6547452 0.087264727
183.6124512 0.086561965
184.5103005 0.083812026
185.4081498 0.08170374
186.3658558 0.092428502
187.3235617 0.086439746
188.2812676 0.060040332
189.2270023 0.050415546
190.1966796 0.077303838
191.1543855 0.062026399
192.1120915 0.049773894
193.1296541 0.049254461
194.0753887 0.052401613
195.045066 0.035657541
196.0626286 0.047848937
197.0682198 0.039813004
198.0378971 0.052859936
199.0554597 0.033213151
200.0730222 0.048215595
201.0187568 0.035260328
202.1081474 0.041554632
203.0658533 0.027896602
204.1432725 0.022732828
205.1488638 0.021449523
206.1664263 0.011488634
207.2438455 0.02468834
208.2614081 0.016774627
209.3388273 0.031746517
210.4162465 0.029271572
211.433809 0.03709362
212.5710849 0.02731606
213.5886475 0.035260328
214.7259232 0.031196529
215.8033425 0.033793693
216.8807617 0.018455145
218.0180375 0.025971645
