80.3597782 0.006538744 0.000611098 0.011977512
81.20974223 0.007944268 0.002199951 0.01371914
82.04773494 0.003911024 0 0.009288682
82.4667313 0.003452701 0 0.008677585
82.88572765 0.002536055 0 0.007760939
83.36458063 0.007730384 0.001772183 0.013413591
84.20257334 0.003422146 0 0.008677585
84.62156968 0.004216573 0 0.009410902
85.04056604 0.002230506 0 0.007608164
85.92644405 0.001619408 0 0.006874847
86.41726835 0.000641652 0 0.005744317
86.8362647 0.007608164 0.001588854 0.013291371
87.30314635 0.005560988 0 0.011121975
87.7221427 0.008219262 0.002199951 0.014024688
88.20099569 0.012038621 0.005713762 0.018027377
88.63196336 0.012191396 0.005897091 0.018149597
89.09884502 0.001497189 0 0.006722073
89.52981269 0.002780494 0 0.008097042
90.00866566 0.002199951 0 0.007730384
90.48751865 0.010571987 0.004338792 0.016621853
90.96637162 0.006997067 0.000733317 0.012955268
91.38536798 0.01371914 0.007272061 0.020135664
91.85224962 0.002749939 0 0.008219262
92.34307392 0.013505255 0.006935957 0.01986067
92.8219269 0.00494989 0 0.010694207
93.30077988 0.011946957 0.005438768 0.017996822
93.77963285 0.015246883 0.008494256 0.021663407
94.25848583 0.002108286 0 0.00745539
94.73733881 0.015094109 0.008524811 0.021663407
95.21619178 0.010296993 0.003880469 0.016469078
95.74293005 0.00482767 0 0.010510878
96.22178303 0.014146908 0.00739428 0.020593987
96.71260733 0.012771938 0.006324859 0.019371792
97.25131693 0.007424835 0.00131386 0.013413591
97.71819858 0.014238572 0.007577609 0.020777316
98.19705156 0.016805182 0.009869225 0.0234967
98.73576115 0.021388414 0.014146908 0.02838548
99.22658545 0.009624786 0.003147152 0.015827426
99.70543843 0.012221951 0.005591542 0.01860792
100.244148 0.027774383 0.020105109 0.035229773
100.7828576 0.030554877 0.022549499 0.038163041
101.2617106 0.034221462 0.02606331 0.042135175
101.7405636 0.030127108 0.022274505 0.037857492
102.3271585 0.038071376 0.029577121 0.046260083
102.8060114 0.067495722 0.057412613 0.077273283
103.3566924 0.047757272 0.038774138 0.056465412
103.8834306 0.049957223 0.04091298 0.058940357
104.4221403 0.048643363 0.039690785 0.057565387
104.9728211 0.068565143 0.058482034 0.078617697
105.4995594 0.063462479 0.053593253 0.07311782
106.038269 0.08903691 0.07788438 0.099853337
106.517122 0.088486923 0.077670496 0.099547788
107.1156883 0.094964556 0.083537033 0.106147641
107.6543978 0.077823271 0.067159619 0.088425813
108.1452221 0.079442679 0.068687363 0.09022855
108.7916736 0.072659496 0.062301393 0.083048154
109.3303833 0.081825959 0.071009533 0.092520166
109.8690929 0.092306282 0.080909313 0.103550477
110.4796304 0.095331215 0.083812026 0.106942068
111.0662253 0.067556832 0.057412613 0.077701051
111.6049349 0.087570276 0.076356637 0.098814471
112.1436445 0.071162308 0.060743095 0.081550966
112.7422107 0.077853825 0.066884625 0.088425813
113.2809203 0.105903202 0.093742361 0.117880714
113.8794865 0.062393058 0.052493278 0.072506722
114.4780527 0.077731606 0.06673185 0.088425813
115.076619 0.068626253 0.05814593 0.078923246
115.6153286 0.079717673 0.068748472 0.090717429
116.2138948 0.054357125 0.044579565 0.063981912
116.812461 0.069390125 0.058940357 0.080023222
117.4110272 0.059245906 0.049071132 0.069176241
118.0095935 0.079381569 0.068381814 0.09041188
118.6081597 0.043021266 0.033854803 0.05206551
119.2067258 0.053440479 0.043632364 0.063065265
119.8651487 0.048735028 0.039201907 0.058176485
120.4637149 0.035474212 0.026704962 0.043937912
121.0622812 0.034343681 0.025635541 0.042899047
121.720704 0.037124175 0.028049377 0.045618431
122.3192702 0.041279638 0.032021511 0.050201662
122.9776931 0.044732339 0.035229773 0.053868247
123.5762593 0.030188218 0.021663407 0.038621364
124.2346822 0.043968467 0.034465901 0.05313493
124.8332483 0.052707162 0.042715717 0.062454168
125.4318145 0.044701784 0.035229773 0.054051577
126.0902374 0.047971156 0.038315815 0.057382058
126.7486603 0.042318504 0.032968712 0.051454412
127.4070831 0.038163041 0.028966023 0.046412857
128.0655059 0.045068443 0.035382547 0.054357125
128.7239288 0.035718651 0.026704962 0.044579565
129.322495 0.035107553 0.026246639 0.043968467
129.9809179 0.032632608 0.023771694 0.041340748
130.6991973 0.022702273 0.014483011 0.030646541
131.3576201 0.022396725 0.014330237 0.030340992
132.016043 0.025818871 0.017385725 0.034038132
132.6744659 0.051546077 0.041493522 0.061537521
133.3927453 0.053654363 0.04329626 0.063676363
134.0511681 0.041554632 0.032021511 0.050965534
134.709591 0.030615986 0.021785627 0.039324126
135.4278705 0.070398436 0.059093131 0.081367636
136.0862933 0.060162552 0.049590565 0.070703984
136.8045727 0.048979467 0.038896358 0.058940357
137.4629956 0.048062821 0.038132486 0.057993156
138.1812751 0.060315326 0.049590565 0.070856759
138.8995546 0.071620631 0.060284771 0.082773161
139.6058627 0.037276949 0.028049377 0.045435101
140.3361134 0.048276705 0.038132486 0.05814593
140.9945363 0.067465167 0.056984845 0.078495478
141.7726724 0.044121242 0.034160352 0.053746028
142.4909518 0.047360059 0.037246395 0.057259839
143.2092313 0.055151552 0.044518455 0.06554021
143.9275108 0.075806649 0.064104131 0.087509166
144.6457903 0.075867758 0.064134686 0.087509166
145.4239263 0.072598387 0.061048643 0.083995356
146.1422058 0.061231973 0.050201662 0.071926179
146.9203419 0.052890491 0.042257394 0.063065265
147.6386214 0.073301149 0.061659741 0.084759228
148.4167574 0.067831826 0.056312637 0.078953801
149.1350369 0.073606698 0.061812515 0.085034221
149.913173 0.068595698 0.057198729 0.079870447
150.6314524 0.071834515 0.060131997 0.083231484
151.4455025 0.065051332 0.053715473 0.076203862
152.1877246 0.08414813 0.07174285 0.096217306
152.9658607 0.088761916 0.076051088 0.101075532
153.7439967 0.105230995 0.091756294 0.118491811
154.4503049 0.095606209 0.082589831 0.105780983
155.3601256 0.130438768 0.115741872 0.144769005
156.0784051 0.11623075 0.102114397 0.131477634
156.9163977 0.122463945 0.108255928 0.136702518
157.6945338 0.167226839 0.151032755 0.183451479
158.4726699 0.192067954 0.174865559 0.20908702
159.3106626 0.161604742 0.145532877 0.177493278
160.1486553 0.190417991 0.17330726 0.207559276
160.9267914 0.196590076 0.179112686 0.213823026
161.7049275 0.192923491 0.175598876 0.210003667
162.6027768 0.189104131 0.17193229 0.206184307
163.3809129 0.158182596 0.142019066 0.173948912
164.2189056 0.173429479 0.156807626 0.190020777
165.0568983 0.138321926 0.123227817 0.1535077
165.894891 0.143302371 0.127658274 0.1585187
166.7328838 0.146938401 0.133372036 0.162521388
167.5708765 0.139299682 0.123991689 0.154424346
168.4088691 0.129033244 0.114061354 0.143699584
169.3067185 0.116077976 0.101533855 0.130133219
170.1447112 0.097317282 0.083812026 0.110425324
170.9827039 0.070062332 0.057993156 0.081856514
171.8805532 0.064012466 0.052340504 0.07543999
172.7784026 0.053929357 0.042715717 0.064745783
173.6762519 0.064868003 0.05313493 0.076509411
174.5142446 0.070826204 0.058757028 0.082773161
175.4001226 0.062576387 0.050934979 0.074217795
176.3099433 0.07794549 0.065326326 0.090259105
177.2077926 0.088761916 0.075409435 0.101717184
178.1056419 0.097317282 0.083659252 0.110883647
179.0034913 0.098233928 0.084575898 0.111800293
179.9013406 0.118369592 0.103672696 0.132883158
180.7991899 0.109417013 0.095117331 0.123563921
181.7568959 0.069634564 0.057412613 0.08170374
182.6547452 0.087264727 0.073912246 0.100342215
183.6124512 0.086561965 0.073453923 0.099731117
184.5103005 0.083812026 0.070856759 0.096797849
185.4081498 0.08170374 0.068840137 0.094506233
186.3658558 0.092428502 0.078953801 0.105842092
187.3235617 0.086439746 0.073270594 0.099578343
188.2812676 0.060040332 0.048062821 0.071620631
189.2270023 0.050415546 0.039232462 0.061506967
190.1966796 0.077303838 0.064562454 0.089953557
191.1543855 0.062026399 0.050079443 0.073912246
192.1120915 0.049773894 0.038438035 0.060926424
193.1296541 0.049254461 0.038163041 0.060468101
194.0753887 0.052401613 0.041035199 0.063645808
195.045066 0.035657541 0.025146663 0.045954534
196.0626286 0.047848937 0.036451968 0.058787582
197.0682198 0.039813004 0.029271572 0.050537766
198.0378971 0.052859936 0.041187974 0.064134686
199.0554597 0.033213151 0.023038377 0.04335737
200.0730222 0.048215595 0.036910291 0.05939868
201.0187568 0.035260328 0.02487167 0.045648986
202.1081474 0.041554632 0.030677096 0.052371058
203.0658533 0.027896602 0.017966267 0.037857492
204.1432725 0.022732828 0.013077487 0.032327059
205.1488638 0.021449523 0.012038621 0.03082987
206.1664263 0.011488634 0.002872158 0.020257883
207.2438455 0.02468834 0.01491078 0.034313126
208.2614081 0.016774627 0.007424835 0.025788316
209.3388273 0.031746517 0.021327304 0.041829626
210.4162465 0.029271572 0.019035688 0.039354681
211.433809 0.03709362 0.026368858 0.047635053
212.5710849 0.02731606 0.017202396 0.037246395
213.5886475 0.035260328 0.024566121 0.045648986
214.7259232 0.031196529 0.020868981 0.041371303
215.8033425 0.033793693 0.023007822 0.044121242
216.8807617 0.018455145 0.008799804 0.027621608
218.0180375 0.025971645 0.015857981 0.035718651
