80.35977819999999 1.645543206414957e-06 0.006537098456793585
81.20974223 3.030165860828002e-06 0.007941237834139173
82.04773494 5.437361457773649e-06 0.003905586638542226
82.46673130000001 7.2369620153916e-06 0.003445464037984608
82.88572765000001 9.590969339228093e-06 0.002526464030660772
83.36458063000001 1.316319095908387e-05 0.007717220809040916
84.20257334 2.260123949163333e-05 0.003399544760508367
84.62156967999999 2.942557625016086e-05 0.004187147423749839
85.04056604 3.814659907769298e-05 0.002192359400922307
85.92644405 6.511353776122799e-05 0.001554294462238772
86.41726835 8.684564609506813e-05 0.000554806353904932
86.8362647 0.0001105349009330285 0.007497629099066971
87.30314635000001 0.0001438895235175881 0.005417098476482412
87.72214270000001 0.0001814863690381556 0.008037775630961844
88.20099569 0.0002353862688013529 0.01180323473119865
88.63196336 0.0002960365263385738 0.01189535947366143
89.09884502 0.0003775579685092096 0.00111963103149079
89.52981269 0.0004703748449507259 0.002310119155049274
90.00866566000001 0.0005973116789154581 0.001602639321084542
90.48751865 0.0007542687073500217 0.009817718292649978
90.96637162 0.0009471512388650267 0.006049915761134973
91.38536798 0.00115068394238739 0.01256845605761261
91.85224961999999 0.00142220072343993 0.00132773827656007
92.34307391999999 0.001766815915878308 0.01173843908412169
92.82192689999999 0.002171006742311609 0.002778883257688392
93.30077987999999 0.002652767591109103 0.009294189408890896
93.77963285 0.003223334628310882 0.01202354837168912
94.25848583 0.003894751452241078 0.001786465452241078
94.73733881 0.004679745804524634 0.01041436319547536
95.21619178 0.005591559355438685 0.004705433644561316
95.74293005 0.006757186568650092 0.001929516568650091
96.22178303 0.00797939064925064 0.006167517350749359
96.71260733 0.009407080228483768 0.003364857771516232
97.25131693 0.01119368608929508 0.003768851089295081
97.71819858000001 0.0129399531112152 0.001298618888784799
98.19705156000001 0.01493156032123623 0.001873621678763773
98.73576115 0.0174237825373178 0.003964631462682201
99.22658545 0.01993155819103429 0.01030677219103429
99.70543843 0.02259714003482257 0.01037518903482257
100.244148 0.02585073781874222 0.001923645181257778
100.7828576 0.02936396220406272 0.001190914795937279
101.2617106 0.03269064706598847 0.001530814934011533
101.7405636 0.0361910026929924 0.0060638946929924
102.3271585 0.04068212071250495 0.002610744712504949
102.8060114 0.04448055299956583 0.02301516900043416
103.3566924 0.04894922053689971 0.001191948536899703
103.8834306 0.05327272411175453 0.003315501111754528
104.4221403 0.05768418656449845 0.009040823564498444
104.9728211 0.06211503666832508 0.006450106331674914
105.4995594 0.06621128920176274 0.002748810201762736
106.038269 0.07018710746540598 0.01884980253459402
106.517122 0.07348335996811572 0.01500356303188427
107.1156883 0.07721328427186913 0.01775127172813087
107.6543978 0.08013230862162649 0.002309037621626486
108.1452221 0.08238071640915613 0.00293803740915613
108.7916736 0.08468117455960941 0.01202167855960941
109.3303833 0.08598241211018702 0.004156453110187017
109.8690929 0.08669808189467811 0.005608200105321898
110.4796304 0.08678931270226316 0.008541902297736839
111.0662253 0.08616389611256191 0.01860706411256191
111.6049349 0.08499774549634605 0.002572530503653955
112.1436445 0.08330262924260461 0.01214032124260461
112.7422107 0.08086096892376851 0.00300714392376851
113.2809203 0.07823140122620995 0.02767180077379006
113.8794865 0.07492525367059903 0.01253219567059903
114.4780527 0.07132807382693786 0.006403532173062138
115.076619 0.06756681933872433 0.001059433661275672
115.6153286 0.06415048699194954 0.01556718600805046
116.2138948 0.06044108631207695 0.006083961312076953
116.812461 0.056945087659218 0.012445037340782
117.4110272 0.05377795031170068 0.005467955688299317
118.0095935 0.05103797474476028 0.02834359425523972
118.6081597 0.04880071316571206 0.005779447165712062
119.2067258 0.04711408021612701 0.006326398783872991
119.8651487 0.04591348696182742 0.00282154103817258
120.4637149 0.04539688566534582 0.009922673665345827
121.0622812 0.04537269092126985 0.01102900992126985
121.720704 0.04581187831881301 0.008687703318813009
122.3192702 0.04651153360131923 0.005231895601319231
122.9776931 0.04744698765388307 0.002714648653883066
123.5762593 0.04829184609879547 0.01810362809879547
124.2346822 0.04903859111149077 0.005070124111490777
124.8332483 0.04940929099126105 0.003297871008738955
125.4318145 0.04937424279246282 0.004672458792462822
126.0902374 0.0487753486725683 0.0008041926725682949
126.7486603 0.04753940433921999 0.005220900339219993
127.4070831 0.04567053012667534 0.007507489126675343
128.0655059 0.0432286128073186 0.001839830192681399
128.7239288 0.0403229802680061 0.004604329268006101
129.322495 0.0374033127772439 0.002295759777243896
129.9809179 0.03404603164777392 0.001413423647773915
130.6991973 0.0304206821653283 0.007718409165328299
131.3576201 0.02732883686341134 0.004932111863411342
132.016043 0.02463239234431995 0.001186478655680046
132.6744659 0.0224763264984344 0.0290697505015656
133.3927453 0.02087506806748056 0.03277929493251944
134.0511681 0.02018243547721289 0.02137219652278711
134.709591 0.02027897950535289 0.01033700649464711
135.4278705 0.02129885698832626 0.04909957901167374
136.0862933 0.02305211385470695 0.03711043814529305
136.8045727 0.02580033806134512 0.02317912893865488
137.4629956 0.02900674716282312 0.01905607383717688
138.1812751 0.03313817797058036 0.02717714802941965
138.8995546 0.03778389510940258 0.03383673589059743
139.6058627 0.04268651209268567 0.005409563092685678
140.3361134 0.04791266344357895 0.0003640415564210506
140.9945363 0.05259339564733587 0.01487177135266413
141.7726724 0.05787646697653004 0.01375522497653004
142.4909518 0.06232803453385109 0.01496797553385108
143.2092313 0.06621643982292846 0.01106488782292846
143.9275108 0.06943257988213447 0.006374069117865533
144.6457903 0.071920496045283 0.003947261954716993
145.4239263 0.07380323053126268 0.001204843531262684
146.1422058 0.07487410223839545 0.01364212923839545
146.9203419 0.07548864512122057 0.02259815412122057
147.6386214 0.07578117147597573 0.002480022475975729
148.4167574 0.07611754148922809 0.008285715489228088
149.1350369 0.07676743758754571 0.003160739587545716
149.913173 0.07820917049700318 0.009613472497003187
150.6314524 0.08053627607500746 0.008701761075007461
151.4455025 0.08465350318777833 0.01960217118777832
152.1877246 0.08998717086547278 0.00583904086547278
152.9658607 0.09729739622623745 0.008535480226237457
153.7439967 0.1063230714563359 0.001092076456335869
154.4503049 0.1158351516269995 0.02022894262699952
155.3601256 0.1294938804249899 0.0009448875750100727
156.0784051 0.1409149904339066 0.02468424043390663
156.9163977 0.15425854755637 0.03179460255637002
157.6945338 0.1659637490286115 0.00126308997138852
158.4726699 0.17630090934909 0.01576704465090997
159.3106626 0.1851625349660362 0.02355779296603616
160.1486553 0.1910070439568385 0.0005890529568384484
160.9267914 0.1933049260447513 0.003285149955248728
161.7049275 0.1923796563481371 0.0005438346518628623
162.6027768 0.1873128780353431 0.001791252964656903
163.3809129 0.1796914859961433 0.02150888999614331
164.2189056 0.1686046682073938 0.004824810792606188
165.0568983 0.1551976311158129 0.01687570511581293
165.894891 0.1402754821390826 0.003026888860917371
166.7328838 0.1246998064761372 0.02223859452386277
167.5708765 0.1093202483296394 0.02997943367036066
168.4088691 0.0949146273024855 0.03411861669751449
169.3067185 0.08130704996274268 0.03477092603725732
170.1447112 0.07084645497638005 0.02647082702361996
170.9827039 0.06289195034609693 0.007170381653903074
171.8805532 0.05733376151774303 0.006678704482256971
172.7784026 0.05483724523360103 0.0009078882336010369
173.6762519 0.05520928787087176 0.009658715129128234
174.5142446 0.05783029263314517 0.01299591136685483
175.4001226 0.06253605773880812 4.03292611918793e-05
176.3099433 0.06885143203698361 0.009094057963016391
177.2077926 0.07589173053988561 0.01287018546011438
178.1056419 0.08304356155222341 0.0142737204477766
179.0034913 0.08963600480098341 0.008597923199016588
179.9013406 0.09506233456680015 0.02330725743319985
180.7991899 0.09882544228005405 0.01059157071994594
181.7568959 0.1006169504597259 0.03098238645972588
182.6547452 0.1000382815803432 0.01277355458034324
183.6124512 0.0970473448730125 0.0104853798730125
184.5103005 0.09225037641101548 0.008438350411015483
185.4081498 0.08591501436770524 0.004211274367705242
186.3658558 0.0780305424923048 0.01439795950769519
187.3235617 0.0696655093132969 0.0167742366867031
188.2812676 0.06152881712898033 0.001488485128980331
189.2270023 0.0543483963308523 0.003932850330852306
190.1966796 0.04838548075809113 0.02891835724190887
191.1543855 0.04421001412157374 0.01781638487842627
192.1120915 0.04183370966519485 0.007940184334805145
193.1296541 0.04111953844081507 0.00813492255918493
194.0753887 0.04175835325922642 0.01064325974077358
195.045066 0.04317636427352077 0.007518823273520769
196.0626286 0.04481490623677875 0.00303403076322125
197.0682198 0.04590817774840288 0.006095173748402884
198.0378971 0.04595605941389008 0.006903876586109921
199.0554597 0.0446310672150847 0.0114179162150847
200.0730222 0.04185984399052745 0.006355751009472554
201.0187568 0.03820042330400616 0.002940095304006164
202.1081474 0.03320469773844937 0.008349934261550632
203.0658533 0.02870289888862757 0.0008062968886275723
204.1432725 0.02423604066580792 0.001503212665807916
205.1488638 0.02123840781382504 0.0002111151861749656
206.1664263 0.01979045870885766 0.008301824708857658
207.2438455 0.02019142504585068 0.00449691495414932
208.2614081 0.02226531952566095 0.005490692525660947
209.3388273 0.02575748377262369 0.005989033227376313
210.4162465 0.02976535757813888 0.0004937855781388806
211.433809 0.03313485311881375 0.003958766881186251
212.5710849 0.03545045384831282 0.008134393848312816
213.5886475 0.035639265379797 0.0003789373797969953
214.7259232 0.0335509946921625 0.002354465692162501
215.8033425 0.02964088261024822 0.004152810389751783
216.8807617 0.02451577964337482 0.006060634643374817
218.0180375 0.01866938275237075 0.007302262247629251
