75.3597782 0.006538744
76.24061448 0.007944268
77.10904462 0.003911024
77.54325969 0.003452701
77.97747476 0.002536055
78.47372055 0.007730384
79.34215069 0.003422146
79.77636575 0.004216573
80.21058082 0.002230506
81.12863554 0.001619408
81.63728748 0.000641652
82.07150255 0.007608164
82.55534219 0.005560988
82.98955726 0.008219262
83.48580306 0.012038621
83.93242427 0.012191396
84.41626392 0.001497189
84.86288513 0.002780494
85.35913092 0.002199951
85.85537672 0.010571987
86.35162251 0.006997067
86.78583758 0.01371914
87.26967722 0.002749939
87.77832916 0.013505255
88.27457495 0.00494989
88.77082075 0.011946957
89.26706654 0.015246883
89.76331233 0.002108286
90.25955813 0.015094109
90.75580392 0.010296993
91.30167429 0.00482767
91.79792008 0.014146908
92.30657202 0.012771938
92.86484854 0.007424835
93.34868819 0.014238572
93.84493398 0.016805182
94.40321049 0.021388414
94.91186243 0.009624786
95.40810822 0.012221951
95.96638474 0.027774383
96.52466126 0.030554877
97.02090705 0.034221462
97.51715284 0.030127108
98.12505394 0.038071376
98.62129973 0.067495722
99.19198239 0.047757272
99.73785277 0.049957223
100.2961293 0.048643363
100.8668119 0.068565143
101.4126823 0.063462479
101.9709588 0.08903691
102.4672046 0.088486923
103.0875119 0.094964556
103.6457884 0.077823271
104.1544403 0.079442679
104.8243721 0.072659496
105.3826487 0.081825959
105.9409252 0.092306282
106.5736386 0.095331215
107.1815397 0.067556832
107.7398162 0.087570276
108.2980927 0.071162308
108.9183999 0.077853825
109.4766764 0.105903202
110.0969837 0.062393058
110.7172909 0.077731606
111.3375982 0.068626253
111.8958747 0.079717673
112.5161819 0.054357125
113.1364892 0.069390125
113.7567964 0.059245906
114.3771037 0.079381569
114.9974109 0.043021266
115.6177181 0.053440479
116.3000561 0.048735028
116.9203633 0.035474212
117.5406706 0.034343681
118.2230085 0.037124175
118.8433158 0.041279638
119.5256538 0.044732339
120.145961 0.030188218
120.828299 0.043968467
121.4486062 0.052707162
122.0689134 0.044701784
122.7512514 0.047971156
123.4335894 0.042318504
124.1159273 0.038163041
124.7982653 0.045068443
125.4806033 0.035718651
126.1009105 0.035107553
126.7832485 0.032632608
127.5276172 0.022702273
128.2099551 0.022396725
128.8922931 0.025818871
129.5746311 0.051546077
130.3189997 0.053654363
131.0013377 0.041554632
131.6836757 0.030615986
132.4280444 0.070398436
133.1103823 0.060162552
133.854751 0.048979467
134.537089 0.048062821
135.2814577 0.060315326
136.0258264 0.071620631
136.7577889 0.037276949
137.5145637 0.048276705
138.1969017 0.067465167
139.0033011 0.044121242
139.7476698 0.047360059
140.4920385 0.055151552
141.2364072 0.075806649
141.9807759 0.075867758
142.7871753 0.072598387
143.531544 0.061231973
144.3379434 0.052890491
145.0823121 0.073301149
145.8887115 0.067831826
146.6330802 0.073606698
147.4394796 0.068595698
148.1838483 0.071834515
149.0274661 0.065051332
149.7966471 0.08414813
150.6030465 0.088761916
151.4094459 0.105230995
152.1414085 0.095606209
153.0842755 0.130438768
153.8286442 0.11623075
154.6970743 0.122463945
155.5034737 0.167226839
156.3098731 0.192067954
157.1783033 0.161604742
158.0467334 0.190417991
158.8531328 0.196590076
159.6595322 0.192923491
160.5899931 0.189104131
161.3963925 0.158182596
162.2648226 0.173429479
163.1332528 0.138321926
164.0016829 0.143302371
164.8701131 0.146938401
165.7385432 0.139299682
166.6069733 0.129033244
167.5374342 0.116077976
168.4058643 0.097317282
169.2742945 0.070062332
170.2047553 0.064012466
171.1352162 0.053929357
172.0656771 0.064868003
172.9341072 0.070826204
173.8521619 0.062576387
174.7950289 0.07794549
175.7254898 0.088761916
176.6559506 0.097317282
177.5864115 0.098233928
178.5168724 0.118369592
179.4473332 0.109417013
180.4398248 0.069634564
181.3702857 0.087264727
182.3627773 0.086561965
183.2932381 0.083812026
184.223699 0.08170374
185.2161906 0.092428502
186.2086821 0.086439746
187.2011737 0.060040332
188.1812592 0.050415546
189.1861569 0.077303838
190.1786485 0.062026399
191.1711401 0.049773894
192.2256624 0.049254461
193.2057478 0.052401613
194.2106456 0.035657541
195.2651679 0.047848937
196.307284 0.039813004
197.3121818 0.052859936
198.3667041 0.033213151
199.4212264 0.048215595
200.4013118 0.035260328
201.530271 0.041554632
202.5227626 0.027896602
203.6393156 0.022732828
204.6814318 0.021449523
205.7359541 0.011488634
206.8525071 0.02468834
207.9070294 0.016774627
209.0235825 0.031746517
210.1401355 0.029271572
211.1946578 0.03709362
212.3732416 0.02731606
213.4277639 0.035260328
214.6063476 0.031196529
215.7229007 0.033793693
216.8394537 0.018455145
218.0180375 0.025971645
